名誉の名簿∽322
アイテム
322
1
東京大学大学院情報学環図書室/附属社会情報研究資料センター
外務省情報部が収集・所蔵していた資料で、旧新聞研究所の何初彦教授によって収集・受け入れられた資料。
名誉の名簿
-
512
506
デジタル化済
13絵画・版画・ポスター・図案・地図・書画
Honor RollVThe following patriotic men and women in this organization have invested in the Victory Liberty Loan.1 2 3 4 5 6 7 8 9 10 11 12 13 14 15 16 1 7 18 19 20 21 22 23 24 25 26 27 28 29 30 31 32 33 34 35 36 37 38 39 40 41 42 43 44 45 46 47 48 49 50 51 52 53 54 55 56 57 58 59 60 61 62 63 64 65 66 67 68 69 70 71 72 73 74 75 76 77 78 69 80 81 82 83 84 85 86 87 88 89 90 91 92 93 94 95 96 97 98 99 100（名誉の名簿この組織に所属する以下の愛国的な男性と女性は投資しました勝利自由公債に）
印刷所:Regensteiner Colortype Co. CHI
募債
アメリカ
-
平版
描画石版
-
2色
赤、藍
